01000000110000000000000000000000
01000000100000000000000000010100
01000001010000000000000011111111
01000001000000000000000110010000
01000000000000000000000000000000
01000000010000000000000000000000
00011001100000100010000000000000
00001010000000000110000000000000
01111000000000000000000000100010
01111000000000001001100000100010
01111000010000000000000000100010
01111000010000001001100000100010
01001001110100000000000000000000
01111001110000000000000000100010
00101010000100000000000000000001
01001001110100000000000000000000
00100010000100000000000000000001
01111001110000000000000000100010
00100010000100000000000000000001
01001001110100000000000000000000
00101010000100000000000000000001
01111001110000000000000000100010
00101010000100000000000000010100
01001001110100000000000000000000
00100010000100000000000000010100
01111001110000000000000000100010
00100010000100000000000000010100
01001001110100000000000000000000
00101010000100000000000000010100
01111001110000000000000000100010
00001010000100000100000000000000
01010001010100000000000000000000
01011000000000000000000000100100
00001010000100000100000000000000
01010000110100000000000000000000
00100000010000100000000000000001
01101000010000001001100000000111
00100000000000000000000000000001
01101000000000001001100000000110
11111000000000000000000000000000
