01000000010000000000000000001010
01000000100000000000000000010100
01000000110000000000000000000000
01011000000000000000000000001110
00001000110000100010000000000000
00010001000001100001000000000000
00011001010001000010000000000000
00100001100001100000000000000101
00101001110011000000000000001010
10000010000000100010000000000000
00110010010000100010000000000000
00111010100000100000000000000000
01010000110101100000000000000000
01001011000101100000000000000000
00100000010000100000000000000001
01101000010000110010000000010000
01100000010001000000000000001010
01110000010001000000000000010100
01111000010000010101000000000101
01011000000000000000000000011001
00000000000000000000000000000000
11111000000000000000000000000000
